2084307163
2084307164
2084307165
2084307166
2084307167
2084307168
2084307169
2084307170
2084307171
2084307172
2084307173
2084307174
2084307175
2084307176
2084307177
2084193598
2084193597
2084193596
2084193595
2084193571
2084193570
2084193569
2084193568
2084193567
2084042163
2084239900
2084307178
2084307179
2084307180
2084307181
2084307182
2084193576
2084193575
2084193574
2084193573
2084193572
2084307183
2084307184
2084307185
2084307186
2084307187
2084193581
2084193580
2084193579
2084193578
2084193577
2084193586
2084193585
2084193584
2084193583
2084193582
2084193589
2084193588
2084193587
2084307188
2084307189
2084307190
2084307191
2084307192
2084048237
2084193594
2084193593
2084193592
2084193591
2084193590
2084307193
2084307194
2084307195
2084307196
2084307197
2084193603
2084193602
2084193601
2084193600
2084193599




[2084193581,2084193580,2084193579,2084193578,2084193577]



